Barcelona;Belgrade;Berlin;Brussels;Bucharest;Budapest0;1528.13;1497.61;1062.89;1968.42;1498.791528.13;0;999.25;1372.59;447.34;316.411497.61;999.25;0;651.62;1293.40;689.061062.89;1372.59;651.62;0;1769.69;1131.521968.42;447.34;1293.40;1769.69;0;639.771498.79;316.41;689.06;1131.52;639.77;0